# Son Güncelleme: 07.04.2026 16:10:52
SEMBOL  3.DİRENÇ  2.DİRENÇ  1.DİRENÇ  PİVOT     1.DESTEK  2.DESTEK  3.DESTEK  SON       
XU030   15099     15013     14885     14799     14671     14586     14457     14970,91  
XU050   11841     11779     11681     11619     11521     11460     11362     11755,93  
XU100   13195     13135     13035     12976     12876     12816     12717     13112,31  
XUTUM   16627     16573     16480     16425     16332     16278     16185     16614,01  
FXU030  154,59    153,37    151,66    150,44    148,73    147,51    145,80    nan       
XBANK   16543     16369     16171     15997     15799     15625     15427     16282,53  
XBLSM   6965      6911      6840      6786      6715      6661      6590      6797,21   
XELKT   765       762       757       754       749       746       740       766,93    
XGMYO   6634      6577      6539      6483      6445      6389      6351      6614,37   
XGIDA   14421     14363     14274     14216     14127     14069     13980     14228,70  
XHOLD   12891     12824     12708     12641     12525     12458     12342     12769,80  
XINSA   21752     21599     21409     21256     21066     20913     20723     21868,31  
XILTM   2853      2823      2794      2765      2735      2706      2677      2792,29   
XINSA   21752     21599     21409     21256     21066     20913     20723     21868,31  
XILTM   2853      2823      2794      2765      2735      2706      2677      2792,29   
XKAGT   7945      7920      7876      7850      7807      7781      7737      7883,23   
XMESY   23470     23358     23158     23046     22846     22734     22534     23275,12  
XMADN   14006     13899     13689     13582     13371     13264     13054     13620,30  
XSGRT   75499     75167     74607     74275     73715     73383     72823     74492,88  
XSPOR   1840      1827      1805      1792      1770      1757      1735      1795,70   
XTRZM   1939      1924      1903      1888      1868      1853      1832      1900,19   
XTCRT   32221     31924     31444     31147     30667     30370     29890     31045,81  
XTAST   15564     15465     15266     15166     14967     14867     14668     15370,16  
XTEKS   5019      4974      4942      4898      4866      4821      4789      5031,60   
XUHIZ   12218     12171     12087     12039     11955     11908     11823     12140,88  
XULAS   37105     36909     36583     36386     36060     35864     35538     36499,94  
XUSIN   16649     16593     16496     16440     16342     16287     16189     16624,99  
XUTEK   41640     41297     40711     40368     39781     39439     38852     40744,67  
XULASG  79588     79167     78468     78047     77347     76927     76227     78289,72  
A1CAP   159,43    156,06    150,93    147,56    142,43    139,06    133,93    nan       
A1YEN   37,64     36,81     35,22     34,39     32,80     31,97     30,38     33,70     
ACSEL   108,60    108,10    107,30    106,80    106,00    105,50    104,70    106,50    
ADEL    56,02     52,30     50,44     46,72     44,86     41,14     39,28     46,72     
ADESE   0,99      0,98      0,97      0,96      0,95      0,94      0,93      0,96      
ADGYO   647,33    633,66    611,83    598,16    576,33    562,66    540,83    nan       
AEFES   18,30     17,99     17,74     17,43     17,18     16,87     16,62     17,24     
AFYON   14,61     14,54     14,40     14,33     14,19     14,12     13,98     14,09     
AGESA   230,23    227,56    222,23    219,56    214,23    211,56    206,23    224,60    
AGHOL   28,80     28,53     28,24     27,97     27,68     27,41     27,12     28,18     
AGROT   303,00    301,00    297,00    295,00    291,00    289,00    285,00    nan       
AGYO    9,10      8,90      8,59      8,39      8,08      7,88      7,57      8,52      
AHGAZ   221,00    220,00    218,00    217,00    215,00    214,00    212,00    nan       
AHSGY   203,60    198,50    190,90    185,80    178,20    173,10    165,50    nan       
AKBNK   71,91     71,08     69,91     69,08     67,91     67,08     65,91     70,30     
AKCNS   207,93    205,36    201,93    199,36    195,93    193,36    189,93    198,20    
AKENR   11,31     10,84     10,43     99,60     95,50     90,80     86,70     10,11     
AKFGY   2,93      2,89      2,84      2,80      2,75      2,71      2,66      2,80      
AKFIS   488,73    479,46    460,93    451,66    433,13    423,86    405,33    nan       
AKFYE   258,06    253,13    246,86    241,93    235,66    230,73    224,46    nan       
AKGRT   7,42      7,34      7,19      7,11      6,96      6,88      6,73      7,10      
AKHAN   288,80    283,80    273,80    268,80    258,80    253,80    243,80    nan       
AKMGY   327,33    311,91    303,08    287,66    278,83    263,41    254,58    323,50    
AKSA    11,51     11,30     10,93     10,72     10,35     10,14     97,73     10,38     
AKSEN   81,56     80,68     79,41     78,53     77,26     76,38     75,11     80,45     
AKSGY   9,18      9,11      9,03      8,96      8,88      8,81      8,73      9,11      
AKSUE   32,71     31,98     30,63     29,90     28,55     27,82     26,47     29,58     
AKYHO   2,68      2,64      2,61      2,57      2,54      2,50      2,47      2,58      
ALARK   91,35     90,60     89,90     89,15     88,45     87,70     87,00     91,20     
ALBRK   8,66      8,56      8,43      8,33      8,20      8,10      7,97      8,36      
ALCAR   732,83    729,16    722,83    719,16    712,83    709,16    702,83    727,00    
ALCTL   141,30    139,30    137,00    135,00    132,70    130,70    128,40    135,80    
ALFAS   394,00    389,20    381,20    376,40    368,40    363,60    355,60    nan       
ALGYO   6,72      6,55      6,20      6,03      5,68      5,51      5,16      5,69      
ALKA    13,24     12,62     12,09     11,47     10,94     10,32     97,90     11,46     
ALKIM   17,84     17,63     17,37     17,16     16,90     16,69     16,43     17,51     
ALKLC   364,33    359,66    350,33    345,66    336,33    331,66    322,33    nan       
ALTINS  834,80    831,20    827,60    824,00    820,40    816,80    813,20    nan       
ALTNY   153,83    151,26    149,43    146,86    145,03    142,46    140,63    nan       
ALVES   364,33    357,67    348,33    341,67    332,33    325,67    316,33    nan       
ANELE   19,91     18,95     18,25     17,29     16,59     15,63     14,93     18,67     
ANGEN   107,60    106,40    105,40    104,20    103,20    102,00    101,00    nan       
ANHYT   114,30    113,10    111,80    110,60    109,30    108,10    106,80    110,40    
ANSGR   26,96     26,67     26,34     26,05     25,72     25,43     25,10     25,98     
ARASE   104,80    100,70    972,00    931,00    896,00    855,00    820,00    nan       
ARCLK   113,00    112,00    110,80    109,80    108,60    107,60    106,40    110,40    
ARDYZ   41,53     41,08     40,37     39,92     39,21     38,76     38,05     39,76     
ARENA   25,64     25,39     25,12     24,87     24,60     24,35     24,08     25,00     
ARFYE   314,06    306,53    295,06    287,53    276,06    268,53    257,06    nan       
ARMGD   126,90    121,90    119,00    114,00    111,10    106,10    103,20    nan       
ARSAN   3,86      3,82      3,75      3,71      3,64      3,60      3,53      3,71      
ARTMS   45,23     44,44     43,23     42,44     41,23     40,44     39,23     42,80     
ARZUM   3,25      3,25      3,25      3,25      3,25      3,25      3,25      3,29      
ASELS   344,50    341,50    336,00    333,00    327,50    324,50    319,00    337,00    
ASGYO   109,16    108,23    107,16    106,23    105,16    104,23    103,16    nan       
ASTOR   216,26    214,03    210,26    208,03    204,26    202,03    198,26    nan       
ASUZU   63,63     63,31     62,83     62,51     62,03     61,71     61,23     62,85     
ATAGY   12,61     12,39     12,24     12,02     11,87     11,65     11,50     12,20     
ATAKP   538,16    530,33    524,16    516,33    510,16    502,33    496,16    nan       
ATATP   142,16    141,43    139,96    139,23    137,76    137,03    135,56    138,40    
ATATR   179,50    174,20    165,10    159,80    150,70    145,40    136,30    nan       
ATEKS   10,55     10,34     10,24     10,03     99,33     97,26     96,23     98,65     
ATLAS   7,77      7,65      7,52      7,40      7,27      7,15      7,02      7,34      
ATSYH   50,50     50,20     49,60     49,30     48,70     48,40     47,80     51,00     
AVGYO   12,30     12,12     11,94     11,76     11,58     11,40     11,22     11,85     
AVHOL   40,08     39,03     37,80     36,75     35,52     34,47     33,24     36,60     
AVOD    4,64      4,60      4,55      4,51      4,46      4,42      4,37      4,50      
AVPGY   516,50    512,50    508,50    504,50    500,50    496,50    492,50    nan       
AVTUR   21,03     20,56     20,33     19,86     19,63     19,16     18,93     20,16     
AYCES   106,23    101,06    983,33    931,66    904,33    852,66    825,33    974,00    
AYDEM   34,72     33,96     32,86     32,10     31,00     30,24     29,14     31,06     
AYEN    42,26     40,69     37,54     35,97     32,82     31,25     28,10     37,84     
AYES    31,66     31,33     31,16     30,83     30,66     30,33     30,16     31,00     
AYGAZ   254,73    253,36    251,13    249,76    247,53    246,16    243,93    252,25    
AZTEK   403,33    399,67    394,33    390,67    385,33    381,67    376,33    nan       
BAGFS   39,55     38,76     37,27     36,48     34,99     34,20     32,71     34,74     
BAHKM   159,73    155,06    146,93    142,26    134,13    129,46    121,33    nan       
BAKAB   44,21     43,60     42,47     41,86     40,73     40,12     38,99     41,42     
BALAT   97,86     96,43     94,46     93,03     91,06     89,63     87,66     92,50     
BALSU   150,63    149,16    146,63    145,16    142,63    141,16    138,63    nan       
BANVT   156,80    156,00    155,10    154,30    153,40    152,60    151,70    156,10    
BARMA   494,00    490,00    488,00    484,00    482,00    478,00    476,00    nan       
BASCM   13,91     13,83     13,67     13,59     13,43     13,35     13,19     13,51     
BASGZ   51,43     51,21     50,78     50,56     50,13     49,91     49,48     51,60     
BAYRK   4,79      4,75      4,70      4,66      4,61      4,57      4,52      4,67      
BEGYO   530,67    515,33    490,67    475,33    450,67    435,33    410,67    nan       
BERA    17,60     17,49     17,27     17,16     16,94     16,83     16,61     17,04     
BESLR   14,18     14,03     13,84     13,69     13,50     13,35     13,16     13,55     
BESTE   263,80    256,40    248,20    240,80    232,60    225,20    217,00    nan       
BEYAZ   31,27     30,32     29,73     28,78     28,19     27,24     26,65     29,14     
BFREN   138,76    138,33    137,46    137,03    136,16    135,73    134,86    138,50    
BIENY   249,13    246,06    242,13    239,06    235,13    232,06    228,13    nan       
BIGCH   735,33    723,67    704,33    692,67    673,33    661,67    642,33    nan       
BIGEN   953,33    944,67    928,33    919,67    903,33    894,67    878,33    nan       
BIGTK   291,96    269,63    251,66    229,33    211,36    189,03    171,06    229,40    
BIMAS   725,33    716,66    703,83    695,16    682,33    673,66    660,83    691,00    
BINBN   170,63    166,66    162,93    158,96    155,23    151,26    147,53    nan       
BINHO   965,67    952,33    926,67    913,33    887,67    874,33    848,67    nan       
BIOEN   17,52     17,37     17,11     16,96     16,70     16,55     16,29     16,97     
BIZIM   26,36     26,23     26,12     25,99     25,88     25,75     25,64     26,30     
BJKAS   1,51      1,50      1,49      1,48      1,47      1,46      1,45      1,48      
BLCYT   71,45     64,50     61,02     54,07     50,59     43,64     40,16     60,50     
BLUME   44,24     43,88     43,34     42,98     42,44     42,08     41,54     42,80     
BMSCH   17,13     17,02     16,83     16,72     16,53     16,42     16,23     16,72     
BMSTL   910,50    897,00    876,50    863,00    842,50    829,00    808,50    nan       
BNTAS   6,67      6,51      6,39      6,23      6,11      5,95      5,83      6,36      
BOBET   19,68     19,59     19,44     19,35     19,20     19,11     18,96     19,43     
BORLS   359,00    346,00    320,00    307,00    281,00    268,00    242,00    nan       
BORSK   730,67    713,33    691,67    674,33    652,67    635,33    613,67    nan       
BOSSA   6,77      6,68      6,57      6,48      6,37      6,28      6,17      6,43      
BRISA   86,00     85,00     83,00     82,00     80,00     79,00     77,00     83,40     
BRKO    11,53     11,42     11,20     11,09     10,87     10,76     10,54     10,79     
BRKSN   1,02      9,96      9,52      9,21      8,77      8,46      8,02      9,05      
BRKVY   100,16    980,83    941,66    920,83    881,66    860,83    821,66    nan       
BRLSM   153,36    151,53    149,66    147,83    145,96    144,13    142,26    nan       
BRMEN   8,51      8,48      8,46      8,43      8,41      8,38      8,36      8,45      
BRSAN   540,50    534,50    527,00    521,00    513,50    507,50    500,00    523,00    
BRYAT   2189,00   2174,00   2162,00   2147,00   2135,00   2120,00   2108,00   2220,00   
BSOKE   35,25     34,86     34,09     33,70     32,93     32,54     31,77     33,94     
BTCIM   6,50      6,41      6,23      6,14      5,96      5,87      5,69      6,47      
BUCIM   6,16      6,13      6,08      6,05      6,00      5,97      5,92      6,07      
BULGS   482,66    476,53    465,46    459,33    448,26    442,13    431,06    nan       
BURCE   46,63     45,26     43,63     42,26     40,63     39,26     37,63     41,80     
BURVA   904,00    867,00    836,50    799,50    769,00    732,00    701,50    816,00    
BVSAN   117,13    114,66    112,53    110,06    107,93    105,46    103,33    nan       
BYDNR   431,73    416,86    408,93    394,06    386,13    371,26    363,33    nan       
CANTE   1,72      1,70      1,68      1,66      1,64      1,62      1,60      1,69      
CASA    92,00     90,00     89,00     87,00     86,00     84,00     83,00     88,00     
CATES   512,33    497,66    480,33    465,66    448,33    433,66    416,33    nan       
CCOLA   71,31     70,13     68,31     67,13     65,31     64,13     62,31     66,75     
CELHA   9,36      9,31      9,22      9,17      9,08      9,03      8,94      9,38      
CEMAS   5,63      5,45      5,25      5,07      4,87      4,69      4,49      5,03      
CEMTS   10,81     10,69     10,59     10,47     10,37     10,25     10,15     10,58     
CEMZY   805,33    776,66    751,33    722,66    697,33    668,66    643,33    nan       
CEOEM   21,78     21,47     21,12     20,81     20,46     20,15     19,80     21,14     
CGCAM   367,40    365,20    361,40    359,20    355,40    353,20    349,40    nan       
CIMSA   50,98     50,56     49,79     49,37     48,60     48,18     47,41     49,90     
CLEBI   1800,66   1792,33   1783,66   1775,33   1766,66   1758,33   1749,66   1800,00   
CMBTN   1833,66   1789,33   1749,66   1705,33   1665,66   1621,33   1581,66   1691,00   
CMENT   326,41    325,08    323,66    322,33    320,91    319,58    318,16    330,00    
CONSE   355,67    351,33    343,67    339,33    331,67    327,33    319,67    nan       
COSMO   257,86    248,43    238,76    229,33    219,66    210,23    200,56    223,20    
CRDFA   26,94     26,66     26,18     25,90     25,42     25,14     24,66     25,60     
CRFSA   128,86    126,93    123,96    122,03    119,06    117,13    114,16    133,10    
CUSAN   28,88     27,63     26,76     25,51     24,64     23,39     22,52     26,68     
CVKMD   379,80    364,80    350,00    335,00    320,20    305,20    290,40    nan       
CWENE   330,93    321,46    310,53    301,06    290,13    280,66    269,73    nan       
DAGI    5,88      5,84      5,75      5,71      5,62      5,58      5,49      5,75      
DAPGM   148,26    146,03    142,46    140,23    136,66    134,43    130,86    nan       
DARDL   2,01      1,99      1,97      1,95      1,93      1,91      1,89      1,97      
DCTTR   110,16    108,33    104,66    102,83    991,67    973,33    936,67    nan       
DENGE   2,53      2,51      2,48      2,46      2,43      2,41      2,38      2,45      
DERHL   16,46     15,88     15,41     14,83     14,36     13,78     13,31     14,93     
DERIM   37,85     36,92     36,39     35,46     34,93     34,00     33,47     36,00     
DESA    14,48     14,11     13,73     13,36     12,98     12,61     12,23     13,19     
DESPC   40,78     39,96     39,34     38,52     37,90     37,08     36,46     39,10     
DEVA    62,48     61,76     61,33     60,61     60,18     59,46     59,03     62,10     
DGATE   75,95     74,90     73,90     72,85     71,85     70,80     69,80     72,35     
DGGYO   28,40     28,12     27,90     27,62     27,40     27,12     26,90     28,10     
DGNMO   4,38      4,23      4,00      3,85      3,62      3,47      3,24      3,92      
DIRIT   28,02     27,89     27,62     27,49     27,22     27,09     26,82     27,98     
DITAS   42,03     40,66     37,95     36,58     33,87     32,50     29,79     34,42     
DMLKTG  588,00    584,00    582,00    578,00    576,00    572,00    570,00    nan       
DMRGD   490,00    478,00    468,00    456,00    446,00    434,00    424,00    nan       
DMSAS   8,69      8,61      8,52      8,44      8,35      8,27      8,18      8,53      
DNISI   19,85     19,75     19,58     19,48     19,31     19,21     19,04     19,86     
DOAS    197,50    196,50    195,10    194,10    192,70    191,70    190,30    194,60    
DOCO    9129,16   9028,33   8901,66   8800,83   8674,16   8573,33   8446,66   8852,50   
DOFER   347,26    343,93    340,46    337,13    333,66    330,33    326,86    nan       
DOFRB   110,56    108,73    106,36    104,53    102,16    100,33    979,66    nan       
DOGUB   97,80     95,40     91,00     88,60     84,20     81,80     77,40     88,00     
DOHOL   20,28     20,10     19,78     19,60     19,28     19,10     18,78     19,71     
DOKTA   24,09     23,86     23,43     23,20     22,77     22,54     22,11     23,42     
DSTKF   203,26    201,43    198,56    196,73    193,86    192,03    189,16    nan       
DUNYH   112,90    109,80    107,80    104,70    102,70    996,00    976,00    108,40    
DURDO   3,81      3,77      3,70      3,66      3,59      3,55      3,48      3,64      
DURKN   224,93    218,66    209,73    203,46    194,53    188,26    179,33    nan       
DYOBY   13,29     13,22     13,11     13,04     12,93     12,86     12,75     13,22     
DZGYO   8,21      8,08      7,84      7,71      7,47      7,34      7,10      7,73      
EBEBK   626,83    618,16    613,83    605,16    600,83    592,16    587,83    nan       
ECILC   112,40    111,00    108,40    107,00    104,40    103,00    100,40    106,90    
ECOGR   386,06    376,53    360,26    350,73    334,46    324,93    308,66    nan       
ECZYT   354,16    348,58    337,66    332,08    321,16    315,58    304,66    333,25    
EDATA   20,48     19,58     19,04     18,14     17,60     16,70     16,16     17,40     
EDIP    37,06     36,35     35,42     34,71     33,78     33,07     32,14     35,36     
EFOR    822,33    804,67    769,33    751,67    716,33    698,67    663,33    nan       
EGEEN   5617,50   5590,00   5552,50   5525,00   5487,50   5460,00   5422,50   5590,00   
EGEGY   305,33    303,86    300,93    299,46    296,53    295,06    292,13    nan       
EGEPO   145,73    144,36    142,23    140,86    138,73    137,36    135,23    nan       
EGGUB   128,36    126,33    123,46    121,43    118,56    116,53    113,66    120,30    
EGPRO   30,06     29,77     29,38     29,09     28,70     28,41     28,02     29,68     
EGSER   2,86      2,83      2,80      2,77      2,74      2,71      2,68      2,81      
EKGYO   20,47     20,25     19,88     19,66     19,29     19,07     18,70     19,87     
EKIZ    96,91     95,43     93,56     92,08     90,21     88,73     86,86     93,75     
EKOS    587,00    576,00    563,00    552,00    539,00    528,00    515,00    nan       
EKSUN   558,67    551,33    544,67    537,33    530,67    523,33    516,67    nan       
ELITE   295,26    292,93    290,06    287,73    284,86    282,53    279,66    nan       
EMKEL   22,33     21,96     21,23     20,86     20,13     19,76     19,03     20,34     
EMNIS   151,00    150,40    149,20    148,60    147,40    146,80    145,60    148,00    
EMPAE   473,00    465,00    450,60    442,60    428,20    420,20    405,80    nan       
ENDAE   189,33    181,86    176,43    168,96    163,53    156,06    150,63    nan       
ENERY   869,33    863,67    853,33    847,67    837,33    831,67    821,33    nan       
ENJSA   125,76    123,63    121,56    119,43    117,36    115,23    113,16    119,50    
ENKAI   95,23     94,81     94,23     93,81     93,23     92,81     92,23     96,00     
ENSRI   327,06    323,33    317,46    313,73    307,86    304,13    298,26    nan       
ENTRA   119,96    117,83    114,16    112,03    108,36    106,23    102,56    nan       
EPLAS   5,81      5,79      5,75      5,73      5,69      5,67      5,63      5,71      
ERBOS   209,26    204,13    201,56    196,43    193,86    188,73    186,16    202,20    
ERCB    60,46     59,73     58,51     57,78     56,56     55,83     54,61     57,30     
EREGL   31,87     30,86     30,03     29,02     28,19     27,18     26,35     30,06     
ERSU    24,80     24,42     23,76     23,38     22,72     22,34     21,68     24,86     
ESCAR   45,65     44,90     44,15     43,40     42,65     41,90     41,15     42,74     
ESCOM   4,71      4,64      4,53      4,46      4,35      4,28      4,17      4,47      
ESEN    3,92      3,90      3,86      3,84      3,80      3,78      3,74      3,90      
ETILR   4,39      4,31      4,18      4,10      3,97      3,89      3,76      4,06      
ETYAT   22,96     22,45     22,16     21,65     21,36     20,85     20,56     21,54     
EUHOL   13,63     13,39     13,27     13,03     12,91     12,67     12,55     12,70     
EUKYO   24,28     23,74     23,12     22,58     21,96     21,42     20,80     22,50     
EUPWR   439,80    431,40    416,80    408,40    393,80    385,40    370,80    nan       
EUREN   474,00    469,00    463,00    458,00    452,00    447,00    441,00    nan       
EUYO    20,05     19,70     19,00     18,65     17,95     17,60     16,90     19,17     
EYGYO   283,33    279,67    275,33    271,67    267,33    263,67    259,33    nan       
FADE    20,65     19,62     17,57     16,54     14,49     13,46     11,41     15,40     
FENER   2,77      2,75      2,71      2,69      2,65      2,63      2,59      2,74      
FLAP    11,37     11,20     10,99     10,82     10,61     10,44     10,23     10,79     
FMIZP   280,75    278,25    276,25    273,75    271,75    269,25    267,25    278,25    
FONET   5,24      5,13      4,96      4,85      4,68      4,57      4,40      4,76      
FORMT   2,83      2,80      2,76      2,73      2,69      2,66      2,62      2,73      
FORTE   115,16    112,83    108,66    106,33    102,16    998,33    956,66    nan       
FRIGO   10,50     10,34     10,22     10,06     99,46     97,83     96,66     10,07     
FRMPL   340,60    336,40    329,20    325,00    317,80    313,60    306,40    nan       
FROTO   102,60    102,00    100,80    100,20    990,00    984,00    972,00    100,40    
FZLGY   173,36    169,13    161,96    157,73    150,56    146,33    139,16    nan       
GARAN   136,90    135,00    133,60    131,70    130,30    128,40    127,00    135,60    
GARFA   27,82     27,54     27,06     26,78     26,30     26,02     25,54     27,48     
GATEG   304,66    304,33    303,66    303,33    302,66    302,33    301,66    299,00    
GEDIK   5,56      5,51      5,46      5,41      5,36      5,31      5,26      5,43      
GEDZA   29,30     29,06     28,76     28,52     28,22     27,98     27,68     28,98     
GENIL   115,43    114,26    111,93    110,76    108,43    107,26    104,93    nan       
GENKM   165,03    155,96    151,43    142,36    137,83    128,76    124,23    nan       
GENTS   9,19      8,94      8,63      8,38      8,07      7,82      7,51      8,34      
GEREL   33,41     32,04     31,03     29,66     28,65     27,28     26,27     33,02     
GESAN   501,86    496,33    485,26    479,73    468,66    463,13    452,06    nan       
GIPTA   739,33    729,66    710,33    700,66    681,33    671,66    652,33    nan       
GLBMD   13,18     12,95     12,60     12,37     12,02     11,79     11,44     12,26     
GLCVY   664,16    654,83    645,16    635,83    626,16    616,83    607,16    nan       
GLRMK   213,53    205,36    196,93    188,76    180,33    172,16    163,73    nan       
GLRYH   4,40      4,36      4,29      4,25      4,18      4,14      4,07      4,30      
GLYHO   15,29     15,06     14,80     14,57     14,31     14,08     13,82     14,55     
GMTAS   292,46    286,53    281,86    275,93    271,26    265,33    260,66    nan       
GOKNR   225,26    223,13    221,26    219,13    217,26    215,13    213,26    nan       
GOLTS   388,83    385,66    379,33    376,16    369,83    366,66    360,33    374,25    
GOODY   15,58     15,32     14,87     14,61     14,16     13,90     13,45     14,90     
GOZDE   22,26     21,85     21,04     20,63     19,82     19,41     18,60     19,80     
GRNYO   14,62     14,46     14,37     14,21     14,12     13,96     13,87     14,29     
GRSEL   317,16    314,58    310,91    308,33    304,66    302,08    298,41    nan       
GRTHO   264,90    259,20    250,40    244,70    235,90    230,20    221,40    nan       
GSDDE   1,02      1,00      9,91      9,78      9,61      9,48      9,31      9,75      
GSDHO   5,08      4,96      4,86      4,74      4,64      4,52      4,42      4,72      
GSRAY   1,14      1,13      1,11      1,10      1,08      1,07      1,05      1,08      
GUBRF   518,33    509,41    494,58    485,66    470,83    461,91    447,08    481,00    
GUNDG   850,00    831,00    810,00    791,00    770,00    751,00    730,00    nan       
GWIND   33,34     32,12     30,96     29,74     28,58     27,36     26,20     30,08     
GZNMI   642,00    632,00    615,50    605,50    589,00    579,00    562,50    nan       
HALKB   37,99     37,62     37,07     36,70     36,15     35,78     35,23     36,86     
HATEK   16,77     16,28     15,69     15,20     14,61     14,12     13,53     15,24     
HATSN   387,93    384,86    380,93    377,86    373,93    370,86    366,93    nan       
HDFGS   3,60      3,51      3,33      3,24      3,06      2,97      2,79      3,29      
HEDEF   145,16    143,33    142,06    140,23    138,96    137,13    135,86    nan       
HEKTS   3,03      2,99      2,93      2,89      2,83      2,79      2,73      2,99      
HKTM    124,86    122,03    119,76    116,93    114,66    111,83    109,56    nan       
HLGYO   5,62      5,42      5,25      5,05      4,88      4,68      4,51      4,98      
HOROZ   596,00    591,00    584,00    579,00    572,00    567,00    560,00    nan       
HRKET   627,83    623,66    617,33    613,16    606,83    602,66    596,33    nan       
HTTBT   384,66    380,33    377,46    373,13    370,26    365,93    363,06    nan       
HUBVC   3,99      3,82      3,64      3,47      3,29      3,12      2,94      3,36      
HUNER   323,67    319,33    314,67    310,33    305,67    301,33    296,67    nan       
HURGZ   6,20      6,14      6,04      5,98      5,88      5,82      5,72      5,86      
ICBCT   14,73     14,50     14,39     14,16     14,05     13,82     13,71     14,44     
ICUGS   4,03      3,88      3,72      3,57      3,41      3,26      3,10      3,50      
IDGYO   4,74      4,57      4,46      4,29      4,18      4,01      3,90      4,50      
IEYHO   93,60     93,45     93,30     93,15     93,00     92,85     92,70     96,80     
IHAAS   108,63    101,81    928,33    860,16    770,33    702,16    612,33    nan       
IHEVA   2,22      2,19      2,16      2,13      2,10      2,07      2,04      2,14      
IHGZT   1,45      1,44      1,42      1,41      1,39      1,38      1,36      1,43      
IHLAS   2,13      2,10      2,06      2,03      1,99      1,96      1,92      2,04      
IHLGM   2,12      2,09      2,06      2,03      2,00      1,97      1,94      2,05      
IHYAY   1,76      1,74      1,73      1,71      1,70      1,68      1,67      1,73      
IMASM   396,67    392,33    383,67    379,33    370,67    366,33    357,67    nan       
INDES   1,01      9,93      9,72      9,51      9,30      9,09      8,88      9,46      
INFO    3,40      3,37      3,33      3,30      3,26      3,23      3,19      3,29      
INGRM   400,50    397,25    391,50    388,25    382,50    379,25    373,50    396,75    
INTEK   253,73    249,66    247,63    243,56    241,53    237,46    235,43    245,60    
INTEM   284,50    281,25    277,50    274,25    270,50    267,25    263,50    274,25    
INVEO   8,15      7,92      7,61      7,38      7,07      6,84      6,53      7,35      
INVES   520,16    512,33    506,16    498,33    492,16    484,33    478,16    nan       
ISATR   494,99    494,99    494,99    494,99    494,99    494,99    494,99    nan       
ISBIR   75,16     74,53     73,26     72,63     71,36     70,73     69,46     72,15     
ISBTR   410594,20 408995,80 408196,70 406598,30 405799,20 404200,80 403401,70 415010,00 
ISCTR   13,58     13,46     13,30     13,18     13,02     12,90     12,74     13,32     
ISDMR   44,26     43,52     42,96     42,22     41,66     40,92     40,36     42,70     
ISFIN   20,40     20,24     19,92     19,76     19,44     19,28     18,96     19,68     
ISGSY   153,20    148,40    139,30    134,50    125,40    120,60    111,50    127,90    
ISGYO   20,26     20,17     19,98     19,89     19,70     19,61     19,42     19,90     
ISKPL   18,94     18,17     17,63     16,86     16,32     15,55     15,01     16,73     
ISKUR   3052483,002877488,002789990,002614995,002527498,002352503,002265005,002703002,50
ISMEN   42,72     42,16     41,62     41,06     40,52     39,96     39,42     40,98     
ISSEN   787,33    777,67    772,33    762,67    757,33    747,67    742,33    nan       
ISYAT   8,28      8,24      8,18      8,14      8,08      8,04      7,98      8,17      
IZENR   100,50    990,00    975,00    960,00    945,00    930,00    915,00    nan       
IZFAS   54,51     53,30     52,15     50,94     49,79     48,58     47,43     50,25     
IZINV   72,00     70,85     68,80     67,65     65,60     64,45     62,40     70,20     
IZMDC   6,67      6,62      6,54      6,49      6,41      6,36      6,28      6,60      
JANTS   17,24     17,14     17,03     16,93     16,82     16,72     16,61     17,09     
KAPLM   568,33    539,16    523,58    494,41    478,83    449,66    434,08    496,00    
KAREL   9,35      9,14      8,97      8,76      8,59      8,38      8,21      8,99      
KARSN   9,98      9,86      9,68      9,56      9,38      9,26      9,08      9,59      
KARTN   77,31     73,38     71,41     67,48     65,51     61,58     59,61     71,00     
KATMR   2,85      2,81      2,74      2,70      2,63      2,59      2,52      2,70      
KAYSE   473,33    464,67    457,33    448,67    441,33    432,67    425,33    nan       
KBORU   234,40    220,80    214,00    200,40    193,60    180,00    173,20    nan       
KCAER   118,73    116,36    114,03    111,66    109,33    106,96    104,63    nan       
KCHOL   196,63    195,56    193,43    192,36    190,23    189,16    187,03    194,40    
KENT    412,25    411,50    410,00    409,25    407,75    407,00    405,50    409,75    
KERVN   4,38      4,34      4,32      4,28      4,26      4,22      4,20      4,51      
KFEIN   8,72      8,60      8,49      8,37      8,26      8,14      8,03      8,39      
KGYO    9,44      9,20      9,00      8,76      8,56      8,32      8,12      9,15      
KIMMR   198,30    194,40    186,60    182,70    174,90    171,00    163,20    nan       
KLGYO   5,55      5,45      5,34      5,24      5,13      5,03      4,92      5,34      
KLKIM   37,97     37,64     37,03     36,70     36,09     35,76     35,15     38,30     
KLMSN   34,04     32,76     32,08     30,80     30,12     28,84     28,16     30,84     
KLNMA   1,01      1,01      1,00      1,00      9,96      9,93      9,86      9,99      
KLRHO   139,90    134,80    126,30    121,20    112,70    107,60    991,00    nan       
KLSER   258,66    257,53    256,06    254,93    253,46    252,33    250,86    nan       
KLSYN   102,86    976,33    940,67    888,33    852,67    800,33    764,67    nan       
KLYPV   647,66    638,33    620,16    610,83    592,66    583,33    565,16    nan       
KMPUR   172,60    169,80    164,40    161,60    156,20    153,40    148,00    nan       
KNFRT   10,83     10,76     10,69     10,62     10,55     10,48     10,41     10,68     
KOCMT   256,67    254,33    251,67    249,33    246,67    244,33    241,67    nan       
KONKA   173,20    170,30    165,90    163,00    158,60    155,70    151,30    nan       
KONTR   8,35      8,23      8,00      7,88      7,65      7,53      7,30      7,71      
KONYA   3863,33   3846,66   3835,83   3819,16   3808,33   3791,66   3780,83   3870,00   
KOPOL   568,00    564,00    556,00    552,00    544,00    540,00    532,00    nan       
KORDS   61,68     60,66     58,63     57,61     55,58     54,56     52,53     59,25     
KOTON   150,03    148,86    147,93    146,76    145,83    144,66    143,73    nan       
KRDMA   30,46     30,17     29,98     29,69     29,50     29,21     29,02     31,42     
KRDMB   72,73     69,16     67,38     63,81     62,03     58,46     56,68     70,00     
KRDMD   33,86     33,15     32,52     31,81     31,18     30,47     29,84     34,14     
KRGYO   2,75      2,73      2,71      2,69      2,67      2,65      2,63      2,72      
KRONT   22,54     21,88     21,54     20,88     20,54     19,88     19,54     20,50     
KRPLS   963,33    937,67    908,33    882,67    853,33    827,67    798,33    nan       
KRSTL   9,45      9,30      9,13      8,98      8,81      8,66      8,49      8,96      
KRTEK   24,30     24,14     24,02     23,86     23,74     23,58     23,46     24,48     
KRVGD   2,84      2,79      2,76      2,71      2,68      2,63      2,60      2,72      
KSTUR   3055,00   3040,00   3010,00   2995,00   2965,00   2950,00   2920,00   2985,00   
KTLEV   846,66    825,33    812,66    791,33    778,66    757,33    744,66    nan       
KTSKR   84,95     83,20     81,50     79,75     78,05     76,30     74,60     84,00     
KUTPO   95,30     93,75     92,15     90,60     89,00     87,45     85,85     90,80     
KUVVA   138,10    135,50    132,00    129,40    125,90    123,30    119,80    126,30    
KUYAS   84,40     81,50     78,85     75,95     73,30     70,40     67,75     81,20     
KZBGY   369,67    362,33    354,67    347,33    339,67    332,33    324,67    nan       
KZGYO   241,26    238,13    234,66    231,53    228,06    224,93    221,46    nan       
LIDER   126,30    124,10    122,10    119,90    117,90    115,70    113,70    nan       
LIDFA   4,14      4,03      3,94      3,83      3,74      3,63      3,54      3,80      
LILAK   390,66    385,93    377,26    372,53    363,86    359,13    350,46    nan       
LINK    5,42      5,37      5,29      5,24      5,16      5,11      5,03      5,19      
LKMNH   15,33     15,21     15,03     14,91     14,73     14,61     14,43     15,16     
LMKDC   325,66    319,73    314,86    308,93    304,06    298,13    293,26    nan       
LOGO    135,96    135,33    134,76    134,13    133,56    132,93    132,36    134,30    
LRSHO   3,92      3,88      3,79      3,75      3,66      3,62      3,53      3,71      
LUKSK   97,43     96,46     95,78     94,81     94,13     93,16     92,48     99,00     
LXGYO   194,53    184,26    179,13    168,86    163,73    153,46    148,33    nan       
LYDHO   190,33    188,16    186,43    184,26    182,53    180,36    178,63    nan       
LYDYE   17813,33  17481,67  16818,33  16486,67  15823,33  15491,67  14828,33  16392,50  
MAALT   1256,33   1229,66   1194,33   1167,66   1132,33   1105,66   1070,33   1173,00   
MACKO   409,66    392,73    381,86    364,93    354,06    337,13    326,26    nan       
MAGEN   579,00    566,00    556,00    543,00    533,00    520,00    510,00    nan       
MAKIM   188,40    185,10    179,60    176,30    170,80    167,50    162,00    nan       
MAKTK   13,70     13,60     13,45     13,35     13,20     13,10     12,95     13,25     
MANAS   28,74     27,40     25,98     24,64     23,22     21,88     20,46     24,64     
MARBL   132,60    130,70    128,10    126,20    123,60    121,70    119,10    nan       
MARKA   66,26     63,63     58,36     55,73     50,46     47,83     42,56     50,00     
MARMR   321,00    301,00    291,00    271,00    261,00    241,00    231,00    nan       
MARTI   2,04      1,93      1,88      1,77      1,72      1,61      1,56      2,01      
MAVI    42,80     42,50     41,98     41,68     41,16     40,86     40,34     42,12     
MCARD   173,13    167,56    158,43    152,86    143,73    138,16    129,03    nan       
MEDTR   29,96     29,21     28,82     28,07     27,68     26,93     26,54     28,56     
MEGAP   2,71      2,68      2,61      2,58      2,51      2,48      2,41      2,55      
MEGMT   870,16    844,33    825,16    799,33    780,16    754,33    735,16    nan       
MEKAG   761,67    750,33    728,67    717,33    695,67    684,33    662,67    nan       
MEPET   27,02     26,38     25,62     24,98     24,22     23,58     22,82     24,86     
MERCN   16,62     16,54     16,45     16,37     16,28     16,20     16,11     16,72     
MERIT   18,28     17,59     17,14     16,45     16,00     15,31     14,86     16,69     
MERKO   17,86     17,63     17,38     17,15     16,90     16,67     16,42     16,42     
METRO   5,95      5,75      5,64      5,44      5,33      5,13      5,02      5,90      
MEYSU   150,53    148,46    144,63    142,56    138,73    136,66    132,83    nan       
MGROS   637,66    630,33    615,66    608,33    593,66    586,33    571,66    606,00    
MHRGY   350,67    348,33    344,67    342,33    338,67    336,33    332,67    nan       
MIATK   444,33    438,46    426,73    420,86    409,13    403,26    391,53    nan       
MMCAS   93,31     91,33     89,01     87,03     84,71     82,73     80,41     86,70     
MNDRS   13,08     12,75     12,48     12,15     11,88     11,55     11,28     12,42     
MNDTR   6,05      5,95      5,83      5,73      5,61      5,51      5,39      5,78      
MOBTL   135,40    133,40    131,10    129,10    126,80    124,80    122,50    nan       
MOGAN   149,83    144,26    140,33    134,76    130,83    125,26    121,33    nan       
MOPAS   43,76     42,94     41,92     41,10     40,08     39,26     38,24     43,80     
MPARK   433,75    427,00    422,50    415,75    411,25    404,50    400,00    418,00    
MRGYO   1,61      1,57      1,53      1,49      1,45      1,41      1,37      1,63      
MRSHL   1447,66   1426,33   1409,66   1388,33   1371,66   1350,33   1333,66   1395,00   
MSGYO   9,88      9,50      9,00      8,62      8,12      7,74      7,24      8,89      
MTRKS   21,54     21,47     21,32     21,25     21,10     21,03     20,88     21,30     
MTRYO   1,01      9,81      9,52      9,16      8,87      8,51      8,22      9,13      
MZHLD   6,42      6,28      6,17      6,03      5,92      5,78      5,67      6,05      
NATEN   7,34      7,29      7,24      7,19      7,14      7,09      7,04      7,40      
NETAS   69,65     67,25     64,75     62,35     59,85     57,45     54,95     62,30     
NETCD   161,73    157,66    150,23    146,16    138,73    134,66    127,23    nan       
NIBAS   1,11      1,07      9,94      9,53      8,71      8,30      7,48      9,12      
NTGAZ   12,45     12,26     12,17     11,98     11,89     11,70     11,61     12,12     
NTHOL   41,40     40,93     40,38     39,91     39,36     38,89     38,34     41,00     
NUGYO   9,33      9,26      9,15      9,08      8,97      8,90      8,79      9,11      
NUHCM   275,16    270,33    261,16    256,33    247,16    242,33    233,16    250,00    
OBAMS   905,67    890,33    869,67    854,33    833,67    818,33    797,67    nan       
OBASE   347,93    344,66    338,73    335,46    329,53    326,26    320,33    nan       
ODAS    6,74      6,55      6,41      6,22      6,08      5,89      5,75      6,40      
ODINE   937,33    916,16    900,33    879,16    863,33    842,16    826,33    nan       
OFSYM   611,00    607,50    601,50    598,00    592,00    588,50    582,50    nan       
ONCSM   252,10    250,30    246,70    244,90    241,30    239,50    235,90    nan       
ONRYT   580,00    574,00    567,00    561,00    554,00    548,00    541,00    nan       
ORCAY   372,33    358,67    347,33    333,67    322,33    308,67    297,33    nan       
ORGE    81,21     79,43     78,11     76,33     75,01     73,23     71,91     76,80     
ORMA    156,66    154,33    152,86    150,53    149,06    146,73    145,26    151,40    
OSMEN   7,38      7,29      7,21      7,12      7,04      6,95      6,87      7,13      
OSTIM   2,81      2,79      2,76      2,74      2,71      2,69      2,66      2,74      
OTKAR   380,33    376,91    373,58    370,16    366,83    363,41    360,08    390,50    
OTTO    343,00    336,00    329,00    322,00    315,00    308,00    301,00    314,25    
OYAKC   24,70     24,44     24,02     23,76     23,34     23,08     22,66     23,98     
OYAYO   56,56     55,78     54,81     54,03     53,06     52,28     51,31     54,15     
OYLUM   7,90      7,79      7,72      7,61      7,54      7,43      7,36      7,65      
OYYAT   58,60     57,15     55,65     54,20     52,70     51,25     49,75     57,35     
OZATD   227,50    225,70    222,90    221,10    218,30    216,50    213,70    nan       
OZGYO   2,05      2,03      2,01      1,99      1,97      1,95      1,93      2,01      
OZKGY   12,50     12,44     12,39     12,33     12,28     12,22     12,17     12,34     
OZRDN   37,59     36,78     35,51     34,70     33,43     32,62     31,35     32,98     
OZSUB   225,00    222,40    217,20    214,60    209,40    206,80    201,60    nan       
OZYSR   469,53    462,46    450,73    443,66    431,93    424,86    413,13    nan       
PAGYO   131,76    128,83    123,46    120,53    115,16    112,23    106,86    129,90    
PAHOL   160,00    158,00    155,00    153,00    150,00    148,00    145,00    nan       
PAMEL   84,40     83,70     82,40     81,70     80,40     79,70     78,40     86,10     
PAPIL   16,15     15,97     15,66     15,48     15,17     14,99     14,68     15,37     
PARSN   84,45     83,45     82,45     81,45     80,45     79,45     78,45     81,65     
PASEU   125,96    123,53    120,96    118,53    115,96    113,53    110,96    nan       
PATEK   183,50    182,20    179,70    178,40    175,90    174,60    172,10    nan       
PCILT   297,73    293,46    285,13    280,86    272,53    268,26    259,93    nan       
PEKGY   14,93     14,68     14,41     14,16     13,89     13,64     13,37     14,15     
PENGD   12,32     11,89     11,13     10,70     99,40     95,10     87,50     10,10     
PENTA   13,53     13,38     13,25     13,10     12,97     12,82     12,69     13,17     
PETKM   21,00     20,72     20,30     20,02     19,60     19,32     18,90     20,86     
PETUN   11,79     11,72     11,59     11,52     11,39     11,32     11,19     11,77     
PGSUS   181,16    180,13    178,36    177,33    175,56    174,53    172,76    178,40    
PINSU   12,11     11,97     11,74     11,60     11,37     11,23     11,00     11,61     
PKART   91,56     87,08     83,96     79,48     76,36     71,88     68,76     80,65     
PKENT   166,70    163,50    159,80    156,60    152,90    149,70    146,00    157,40    
PLTUR   261,33    255,26    250,13    244,06    238,93    232,86    227,73    nan       
PNLSN   479,80    474,60    464,80    459,60    449,80    444,60    434,80    nan       
PNSUT   11,40     11,32     11,28     11,20     11,16     11,08     11,04     11,90     
POLHO   26,08     25,19     24,34     23,45     22,60     21,71     20,86     23,50     
POLTK   6123,33   5821,66   5635,83   5334,16   5148,33   4846,66   4660,83   5300,00   
PRDGS   750,00    738,00    722,00    710,00    694,00    682,00    666,00    nan       
PRKAB   40,39     39,94     39,29     38,84     38,19     37,74     37,09     39,00     
PRKME   18,72     18,50     18,23     18,01     17,74     17,52     17,25     18,99     
PRZMA   15,01     14,62     14,30     13,91     13,59     13,20     12,88     13,98     
PSDTC   132,73    130,06    127,93    125,26    123,13    120,46    118,33    123,30    
PSGYO   2,54      2,51      2,46      2,43      2,38      2,35      2,30      2,51      
QNBFK   42,70     42,70     42,70     42,70     42,70     42,70     42,70     46,96     
QNBFKR  131,10    124,30    118,10    111,30    105,10    983,00    921,00    nan       
QNBTR   297,33    293,16    290,58    286,41    283,83    279,66    277,08    316,75    
QUAGR   3,45      3,39      3,28      3,22      3,11      3,05      2,94      3,32      
RALYH   214,26    209,63    205,56    200,93    196,86    192,23    188,16    200,60    
RAYSG   199,36    197,73    195,36    193,73    191,36    189,73    187,36    194,50    
REEDR   767,00    760,00    748,00    741,00    729,00    722,00    710,00    nan       
RGYAS   173,73    170,66    168,33    165,26    162,93    159,86    157,53    nan       
RNPOL   281,33    271,67    264,33    254,67    247,33    237,67    230,33    nan       
RODRG   20,64     20,41     20,06     19,83     19,48     19,25     18,90     19,70     
RTALB   3,67      3,64      3,61      3,58      3,55      3,52      3,49      3,59      
RUBNS   468,00    462,40    456,20    450,60    444,40    438,80    432,60    nan       
RUZYE   12,65     12,46     12,17     11,98     11,69     11,50     11,21     11,92     
RYGYO   31,33     30,94     30,65     30,26     29,97     29,58     29,29     31,18     
RYSAS   19,47     19,17     18,83     18,53     18,19     17,89     17,55     18,95     
SAFKR   29,30     28,94     28,38     28,02     27,46     27,10     26,54     27,42     
SAHOL   92,51     91,63     90,31     89,43     88,11     87,23     85,91     91,75     
SAMAT   5,65      5,58      5,49      5,42      5,33      5,26      5,17      5,57      
SANEL   35,52     35,14     34,62     34,24     33,72     33,34     32,82     34,12     
SANFM   8,15      8,01      7,91      7,77      7,67      7,53      7,43      7,81      
SANKO   23,15     22,26     21,30     20,41     19,45     18,56     17,60     20,16     
SARKY   28,18     27,88     27,42     27,12     26,66     26,36     25,90     26,86     
SASA    2,58      2,53      2,45      2,40      2,32      2,27      2,19      2,48      
SAYAS   44,54     43,76     42,26     41,48     39,98     39,20     37,70     41,06     
SDTTR   224,76    220,83    216,66    212,73    208,56    204,63    200,46    nan       
SEGMN   596,66    561,33    543,66    508,33    490,66    455,33    437,66    nan       
SEGYO   461,67    458,33    452,67    449,33    443,67    440,33    434,67    nan       
SEKFK   11,00     10,82     10,62     10,44     10,24     10,06     98,63     10,60     
SEKUR   8,21      7,87      7,57      7,23      6,93      6,59      6,29      7,16      
SELEC   86,43     84,76     83,48     81,81     80,53     78,86     77,58     82,45     
SELVA   2,50      2,45      2,36      2,31      2,22      2,17      2,08      2,30      
SERNT   939,33    921,67    907,33    889,67    875,33    857,67    843,33    nan       
SEYKM   4,99      4,86      4,78      4,65      4,57      4,44      4,36      4,60      
SILVR   2,63      2,59      2,53      2,49      2,43      2,39      2,33      2,50      
SISE    46,00     45,45     44,72     44,17     43,44     42,89     42,16     44,80     
SKBNK   11,31     11,09     10,96     10,74     10,61     10,39     10,26     10,99     
SKTAS   2,99      2,96      2,94      2,91      2,89      2,86      2,84      3,16      
SKYLP   289,16    285,08    279,16    275,08    269,16    265,08    259,16    273,25    
SKYMD   135,20    132,50    129,60    126,90    124,00    121,30    118,40    nan       
SMART   32,09     31,76     31,21     30,88     30,33     30,00     29,45     31,84     
SMRTG   687,00    678,00    660,00    651,00    633,00    624,00    606,00    nan       
SMRVA   621,50    613,50    598,00    590,00    574,50    566,50    551,00    nan       
SNGYO   3,73      3,68      3,63      3,58      3,53      3,48      3,43      3,59      
SNICA   397,67    395,33    391,67    389,33    385,67    383,33    379,67    nan       
SNPAM   21,04     21,02     20,98     20,96     20,92     20,90     20,86     21,18     
SODSN   9,80      9,64      9,55      9,39      9,30      9,14      9,05      9,46      
SOKE    159,63    158,26    156,73    155,36    153,83    152,46    150,93    nan       
SOKM    54,43     53,61     52,73     51,91     51,03     50,21     49,33     51,85     
SONME   145,30    142,50    140,70    137,90    136,10    133,30    131,50    140,80    
SRVGY   3,32      3,28      3,21      3,17      3,10      3,06      2,99      3,20      
SUMAS   260,58    258,91    258,08    256,41    255,58    253,91    253,08    257,25    
SUNTK   363,33    356,06    346,13    338,86    328,93    321,66    311,73    nan       
SURGY   572,33    566,16    556,33    550,16    540,33    534,16    524,33    nan       
SUWEN   902,00    896,00    884,00    878,00    866,00    860,00    848,00    nan       
SVGYO   144,56    138,43    135,36    129,23    126,16    120,03    116,96    nan       
TABGD   251,33    249,46    246,53    244,66    241,73    239,86    236,93    nan       
TARKM   399,83    394,41    386,08    380,66    372,33    366,91    358,58    nan       
TATEN   137,90    130,80    126,50    119,40    115,10    108,00    103,70    nan       
TATGD   16,97     16,81     16,50     16,34     16,03     15,87     15,56     16,21     
TAVHL   331,50    327,00    323,75    319,25    316,00    311,50    308,25    323,25    
TBORG   149,70    148,20    146,20    144,70    142,70    141,20    139,20    145,50    
TCELL   111,20    109,90    108,70    107,40    106,20    104,90    103,70    108,60    
TCKRC   906,33    897,66    884,33    875,66    862,33    853,66    840,33    nan       
TDGYO   17,97     17,75     17,38     17,16     16,79     16,57     16,20     17,01     
TEHOL   18,13     17,83     17,55     17,25     16,97     16,67     16,39     18,50     
TEKTU   10,17     99,50     96,00     93,80     90,30     88,10     84,60     10,17     
TERA    352,16    349,33    345,91    343,08    339,66    336,83    333,41    nan       
TEZOL   183,40    179,90    174,70    171,20    166,00    162,50    157,30    nan       
TGSAS   169,33    167,16    163,33    161,16    157,33    155,16    151,33    159,50    
THYAO   303,58    301,66    298,83    296,91    294,08    292,16    289,33    297,25    
TKFEN   10,84     10,67     10,38     10,21     99,23     97,56     94,63     98,25     
TKNSA   24,04     23,50     22,98     22,44     21,92     21,38     20,86     22,46     
TLMAN   92,73     91,91     90,53     89,71     88,33     87,51     86,13     89,15     
TMPOL   570,66    564,83    553,16    547,33    535,66    529,83    518,16    537,50    
TMSN    103,56    103,03    102,26    101,73    100,96    100,43    996,66    102,10    
TNZTP   239,33    234,26    228,13    223,06    216,93    211,86    205,73    nan       
TOASO   275,08    272,41    268,33    265,66    261,58    258,91    254,83    266,00    
TRALT   46,36     45,82     44,74     44,20     43,12     42,58     41,50     44,06     
TRCAS   43,92     43,24     42,64     41,96     41,36     40,68     40,08     43,50     
TRENJ   98,30     97,15     94,85     93,70     91,40     90,25     87,95     92,80     
TRGYO   90,30     89,70     89,30     88,70     88,30     87,70     87,30     90,50     
TRHOL   108,80    106,90    103,50    101,60    982,00    963,00    929,00    996,50    
TRILC   16,03     15,94     15,82     15,73     15,61     15,52     15,40     15,73     
TRMET   129,10    127,80    125,20    123,90    121,30    120,00    117,40    124,70    
TSGYO   6,61      6,57      6,53      6,49      6,45      6,41      6,37      6,62      
TSKB    11,71     11,59     11,46     11,34     11,21     11,09     10,96     11,52     
TSPOR   0,98      0,97      0,96      0,95      0,94      0,93      0,92      0,97      
TTKOM   60,45     59,90     59,25     58,70     58,05     57,50     56,85     59,05     
TTRAK   452,50    451,00    448,50    447,00    444,50    443,00    440,50    448,75    
TUCLK   4,22      4,20      4,17      4,15      4,12      4,10      4,07      4,08      
TUKAS   2,39      2,37      2,34      2,32      2,29      2,27      2,24      2,36      
TUPRS   265,25    263,25    259,25    257,25    253,25    251,25    247,25    256,50    
TUREX   8,59      8,44      8,18      8,03      7,77      7,62      7,36      7,90      
TURGG   30,16     29,90     29,50     29,24     28,84     28,58     28,18     32,00     
TURSG   13,15     12,97     12,81     12,63     12,47     12,29     12,13     12,70     
UCAYM   286,46    282,73    275,66    271,93    264,86    261,13    254,06    nan       
UFUK    1605,66   1580,33   1557,66   1532,33   1509,66   1484,33   1461,66   1627,00   
ULAS    39,27     38,38     36,61     35,72     33,95     33,06     31,29     34,84     
ULKER   121,10    119,80    118,50    117,20    115,90    114,60    113,30    117,90    
ULUFA   524,67    509,33    497,67    482,33    470,67    455,33    443,67    nan       
ULUSE   170,53    167,86    164,93    162,26    159,33    156,66    153,73    164,30    
ULUUN   7,90      7,81      7,63      7,54      7,36      7,27      7,09      8,00      
UMPAS   103,33    100,06    965,33    932,67    897,33    864,67    829,33    nan       
UNLU    13,19     13,11     12,98     12,90     12,77     12,69     12,56     13,10     
USAK    1,69      1,67      1,64      1,62      1,59      1,57      1,54      1,66      
VAKBN   32,45     32,00     31,57     31,12     30,69     30,24     29,81     31,52     
VAKFA   148,46    143,43    138,46    133,43    128,46    123,43    118,46    nan       
VAKFN   1,84      1,82      1,79      1,77      1,74      1,72      1,69      1,79      
VAKKO   89,85     89,25     88,40     87,80     86,95     86,35     85,50     91,10     
VANGD   80,33     78,56     76,53     74,76     72,73     70,96     68,93     74,50     
VBTYZ   20,10     19,98     19,74     19,62     19,38     19,26     19,02     19,99     
VERTU   42,84     42,17     40,86     40,19     38,88     38,21     36,90     40,20     
VERUS   500,00    490,00    485,00    475,00    470,00    460,00    455,00    488,00    
VESBE   7,54      7,40      7,22      7,08      6,90      6,76      6,58      7,05      
VESTL   32,44     31,53     30,30     29,39     28,16     27,25     26,02     28,94     
VKFYO   35,06     34,09     33,44     32,47     31,82     30,85     30,20     33,00     
VKGYO   3,09      2,97      2,85      2,73      2,61      2,49      2,37      2,71      
VKING   27,05     26,70     26,21     25,86     25,37     25,02     24,53     26,40     
VRGYO   230,00    228,00    226,00    224,00    222,00    220,00    218,00    nan       
VSNMD   842,66    818,83    798,16    774,33    753,66    729,83    709,16    nan       
YAPRK   15,42     15,15     14,84     14,57     14,26     13,99     13,68     15,99     
YATAS   43,55     43,06     42,63     42,14     41,71     41,22     40,79     41,80     
YAYLA   23,41     23,18     22,77     22,54     22,13     21,90     21,49     22,48     
YBTAS   19,33     19,16     18,84     18,67     18,35     18,18     17,86     18,52     
YEOTK   582,00    566,50    538,50    523,00    495,00    479,50    451,50    nan       
YESIL   1,74      1,70      1,62      1,58      1,50      1,46      1,38      1,53      
YGGYO   222,53    218,66    215,83    211,96    209,13    205,26    202,43    219,10    
YIGIT   292,93    276,66    268,53    252,26    244,13    227,86    219,73    nan       
YKBNK   35,78     35,38     34,90     34,50     34,02     33,62     33,14     35,14     
YKSLN   3,69      3,56      3,40      3,27      3,11      2,98      2,82      3,25      
YONGA   54,85     54,40     53,90     53,45     52,95     52,50     52,00     53,40     
YUNSA   8,31      8,27      8,21      8,17      8,11      8,07      8,01      8,22      
YYAPI   1,05      1,05      1,05      1,05      1,05      1,05      1,05      1,06      
YYLGD   112,36    111,53    109,96    109,13    107,56    106,73    105,16    nan       
ZEDUR   8,71      8,61      8,49      8,39      8,27      8,17      8,05      8,70      
ZERGY   270,40    255,20    242,40    227,20    214,40    199,20    186,40    nan       
ZGYO    300,66    292,13    280,26    271,73    259,86    251,33    239,46    nan       
ZOREN   2,99      2,95      2,90      2,86      2,81      2,77      2,72      2,90      
ZRGYO   22,17     22,02     21,79     21,64     21,41     21,26     21,03     21,50     
